13 0.390625 0.39609375 0.08046875 0.0359375
13 0.435038125 0.348622221875 0.4190475 0.295272221875 0.37775 0.353777778125 0.344090625 0.410862221875 0.36507875 0.44465000000000005 0.435038125 0.348622221875
13 0.4465 0.26488888906249997 0.48301 0.31483444375 0.528983125 0.153007778125 0.49900062500000003 0.1227766671875 0.4465 0.26488888906249997
13 0.29412 0.2152488890625 0.36150000000000004 0.3093333328125 0.430040625 0.1334466671875 0.345090625 0.12989 0.29412 0.2152488890625
13 0.665903125 0.43575888906250004 0.68025 0.4671111109375 0.7148743750000001 0.410862221875 0.708878125 0.3859666671875 0.665903125 0.43575888906250004
13 0.56896 0.2881588890625 0.59775 0.33155555625 0.65690875 0.20813555625000002 0.627925625 0.1725688890625 0.56896 0.2881588890625
13 0.54897125 0.2045788890625 0.5627500000000001 0.23155555625000002 0.605938125 0.14945111093750002 0.592945625 0.10677222187499999 0.54897125 0.2045788890625
13 0.52798375 0.1263333328125 0.5565 0.1626666671875 0.5949443750000001 0.049866667187500005 0.554968125 0.0445311109375 0.52798375 0.1263333328125
13 0.156200625 0.32372555625 0.22525 0.333777778125 0.272133125 0.1387811109375 0.22515999999999997 0.117442221875 0.156200625 0.32372555625
13 0.30274999999999996 0.6026666671875 0.299116875 0.27926777812500003 0.24914624999999999 0.29171555625 0.25814125 0.6118111109375 0.30274999999999996 0.6026666671875
13 0.49500312500000004 0.3415088890625 0.50525 0.3693333328125 0.567960625 0.2739333328125 0.556966875 0.2472588890625 0.49500312500000004 0.3415088890625
13 0.781835625 0.22947555625 0.8102499999999999 0.26488888906249997 0.86178875 0.1707911109375 0.8467974999999999 0.1370033328125 0.781835625 0.22947555625
13 0.71775 0.1671111109375 0.7158743750000001 0.10677222187499999 0.61993 0.1121066671875 0.6159325 0.17612555624999998 0.71775 0.1671111109375
13 0.5819525 0.39841444375 0.59525 0.44488888906249996 0.63492125 0.384187778125 0.628925 0.35573555625000003 0.5819525 0.39841444375
13 0.48900625 0.44820666718749996 0.51525 0.4693333328125 0.5789537499999999 0.316612221875 0.55796625 0.300607778125 0.48900625 0.44820666718749996
13 0.637919375 0.5513488890625 0.64525 0.596 0.7148743750000001 0.5460144437500001 0.70588 0.4944433328125 0.637919375 0.5513488890625